0 6.589865756988526 6.6845443649292
0.09974424552429667 0.19111557509899138 0.2049000209569931
0.19948849104859334 0.1616930430841446 0.17116122007369994
0.29923273657289 0.1635563197040558 0.17330038118362426
0.3989769820971867 0.16492121698379517 0.1745106748342514
0.49872122762148335 0.16541998215675355 0.1762885080575943
0.59846547314578 0.16171091117858888 0.17223727357387542
0.6982097186700768 0.1607363508272171 0.17129874420166016
0.7979539641943734 0.16709241423130036 0.1794187762737274
0.8976982097186701 0.1587740568113327 0.16958182775974273
0.9974424552429667 0.1630933036661148 0.17214911234378816
1.0997442455242967 0.1557253322124481 0.16657223165035248
1.1994884910485935 0.1620273306941986 0.17329461359977721
1.29923273657289 0.15298657788276673 0.16318989837169648
1.3989769820971867 0.1525379200744629 0.16220708453655244
1.4987212276214834 0.16405379115104676 0.17616549599170686
1.5984654731457801 0.1567118974351883 0.16875787329673766
1.6982097186700766 0.14312158645153045 0.15409869587421418
1.7979539641943734 0.13961119841575623 0.1509493056535721
1.89769820971867 0.141316190738678 0.1516027537584305
1.9974424552429668 0.13210366784572602 0.14128603959083558
2.0997442455242967 0.1220856989479065 0.13101941096782685
2.1994884910485935 0.11771677419662475 0.12656212174892426
2.29923273657289 0.11390394850969314 0.12261559450626373
2.398976982097187 0.1105010039639473 0.11855290615558624
2.498721227621483 0.10734999440908433 0.1152602287530899
2.59846547314578 0.10032139340877533 0.10754088872671128
2.6982097186700766 0.09461009938955307 0.10096787995100022
2.7979539641943734 0.09652385865449906 0.10357213616371155
2.89769820971867 0.08825069565534592 0.09450502854585648
2.997442455242967 0.09093808825969696 0.09727005690336227
3.0997442455242967 0.0833404035973549 0.0896605132818222
3.1994884910485935 0.08476378028631211 0.09134262174367905
3.29923273657289 0.0905853513431549 0.09762418115139007
3.398976982097187 0.08372885537862777 0.09004804050922394
3.498721227621483 0.0720321072769165 0.07752239865064621
3.59846547314578 0.07417992308855056 0.0797668378353119
3.6982097186700766 0.0704374390220642 0.07583751356601715
3.7979539641943734 0.07367138360977173 0.07950773376226425
3.89769820971867 0.07582765251398087 0.08161141723394394
3.997442455242967 0.07159995909452438 0.0774646902680397
4.099744245524296 0.06588100755453109 0.07093166953325272
4.1994884910485935 0.06437106732606888 0.06925249660015106
4.29923273657289 0.05800203518867492 0.06243509882688522
4.398976982097187 0.058778190579414365 0.06326350194215774
4.498721227621483 0.055278778612613676 0.05929264190793038
4.59846547314578 0.05503916580796242 0.05921938517689705
4.698209718670077 0.06108535499572754 0.06596741074323655
4.797953964194374 0.05406237280726433 0.05843148052692413
4.89769820971867 0.048573957830667494 0.0519911777973175
4.997442455242966 0.05100982593536377 0.05483421659469605
5.099744245524296 0.05961076961517334 0.06420417356491089
5.1994884910485935 0.05147780278205871 0.05551914927363396
5.29923273657289 0.04971256427884102 0.05360240167379379
5.398976982097187 0.05006090802192688 0.054100014477968215
5.498721227621483 0.050026050958633425 0.053895738810300825
5.59846547314578 0.04437991318702698 0.04799409425258636
5.698209718670077 0.04310717814207077 0.04678642764687538
5.797953964194374 0.03927548063993454 0.04240649044513702
5.89769820971867 0.04196406444191933 0.045247172445058825
5.997442455242966 0.04322127928853035 0.04659437727928162
