0 1.0609322044372558 1.096801736831665
0.09974424552429667 0.17530719165802003 0.18487218713760376
0.19948849104859334 0.17362265351295472 0.18287728667259218
0.29923273657289 0.16692054962158204 0.17833375549316408
0.3989769820971867 0.16835217213630677 0.18096026813983918
0.49872122762148335 0.16629215346813203 0.17811437237262726
0.59846547314578 0.16528416075229646 0.17580035746097564
0.6982097186700768 0.1805284900188446 0.19371478474140166
0.7979539641943734 0.16514045242786407 0.17555831456184387
0.8976982097186701 0.1651182900619507 0.17594810318946838
0.9974424552429667 0.16469147214889526 0.17564068281650544
1.0997442455242967 0.17249869850158692 0.18566495835781097
1.1994884910485935 0.16482970816612244 0.17564816415309906
1.29923273657289 0.16517922434806823 0.17550004518032075
1.3989769820971867 0.1652509628868103 0.17612092685699463
1.4987212276214834 0.16546782189846038 0.1756856520175934
1.5984654731457801 0.1666656211900711 0.1785002180337906
1.6982097186700766 0.16474383299827575 0.17544240880012513
1.7979539641943734 0.1651108036470413 0.17613398885726927
1.89769820971867 0.165116841878891 0.17581561279296876
1.9974424552429668 0.16668439405441285 0.17615334928035736
2.0997442455242967 0.1657166386413574 0.17716060042381288
2.1994884910485935 0.16715406848907471 0.17892935025691986
2.29923273657289 0.16515572113990784 0.17535327482223512
2.398976982097187 0.16459360617160798 0.17572189247608186
2.498721227621483 0.16508144419193269 0.17631290674209596
2.59846547314578 0.16464239748477935 0.1747248626947403
2.6982097186700766 0.168521207613945 0.18024777257442473
2.7979539641943734 0.1654015728521347 0.17520840883255004
2.89769820971867 0.16480121121406555 0.17594869542121888
2.997442455242967 0.1671270268678665 0.179278160572052
3.0997442455242967 0.1646418875312805 0.1759435886144638
3.1994884910485935 0.16760906553268431 0.17748643898963928
3.29923273657289 0.1663409028673172 0.1781451382637024
3.398976982097187 0.16778385926246642 0.179525421500206
3.498721227621483 0.16453173840522767 0.17510924065113068
3.59846547314578 0.1674608047580719 0.17923243165016176
3.6982097186700766 0.165652279381752 0.17683624577522278
3.7979539641943734 0.1646530941438675 0.17466910910606384
3.89769820971867 0.16471558984279633 0.17533928847312927
3.997442455242967 0.16568403630256653 0.1768553570508957
4.099744245524296 0.1646124562549591 0.1748459234237671
4.1994884910485935 0.16523707683563232 0.1766321539878845
4.29923273657289 0.16448623921394348 0.17524836695194243
4.398976982097187 0.16470953278541564 0.17567134094238282
4.498721227621483 0.16460867008686067 0.17481318795681
4.59846547314578 0.1645539478635788 0.17492057621479035
4.698209718670077 0.16749691807746886 0.1767884896993637
4.797953964194374 0.1645732220840454 0.17503277337551118
4.89769820971867 0.16611327412605287 0.17567051804065703
4.997442455242966 0.16584590757846832 0.17560045063495636
5.099744245524296 0.16456285031318665 0.17547814178466797
5.1994884910485935 0.16461314927101137 0.17560366702079772
5.29923273657289 0.16451346851348878 0.17533082258701324
5.398976982097187 0.16463025471687318 0.17552591907978057
5.498721227621483 0.16501110413551331 0.17519396793842315
5.59846547314578 0.16688015352249144 0.17870873582363128
5.698209718670077 0.16717824329853057 0.17905881702899934
5.797953964194374 0.16539939792633057 0.17666627728939058
5.89769820971867 0.16455149681091308 0.17481765174865724
5.997442455242966 0.1644525622320175 0.17506456243991853
