0 1.129418154220581 1.1628501663208008
0.09974424552429667 1.76245332611084 1.7681309823989868
0.19948849104859334 0.19064493878841401 0.20882049643993378
0.29923273657289 0.17080964433670043 0.1816855102777481
0.3989769820971867 0.16700572742938996 0.17695590782165527
0.49872122762148335 0.16596597833633422 0.17704998946189882
0.59846547314578 0.16588571765422822 0.1771560297012329
0.6982097186700768 0.17139362179756165 0.18559282410144806
0.7979539641943734 0.1817881620502472 0.1961197669506073
0.8976982097186701 0.16635685086727142 0.17497748148441314
0.9974424552429667 0.17478452419757842 0.18236762595176698
1.0997442455242967 0.16708105009555815 0.17795463871955872
1.1994884910485935 0.1650755442428589 0.1750970095396042
1.29923273657289 0.16679678205013276 0.17611052107810973
1.3989769820971867 0.16497598261356353 0.1746762934923172
1.4987212276214834 0.1670775432252884 0.17817115342617035
1.5984654731457801 0.16482222302913666 0.17446347725391387
1.6982097186700766 0.1651142653131485 0.17553241205215453
1.7979539641943734 0.181821180267334 0.1948866391181946
1.89769820971867 0.1733659354686737 0.18129369080066682
1.9974424552429668 0.19647316729545594 0.20306392669677734
2.0997442455242967 0.17141964828968048 0.185245942234993
2.1994884910485935 0.1697065153980255 0.1783407130241394
2.29923273657289 0.17098253758430482 0.18028158032894134
2.398976982097187 0.20395990860462188 0.20990208530426024
2.498721227621483 0.16574856316566466 0.17552389681339264
2.59846547314578 0.16893962401866913 0.18150430154800415
2.6982097186700766 0.1793491890192032 0.19306774973869323
2.7979539641943734 0.17977295850753786 0.1930767283439636
2.89769820971867 0.16503415981769562 0.17566565883159638
2.997442455242967 0.17262291527748108 0.18670459342002868
3.0997442455242967 0.2180169980096817 0.23365390014648438
3.1994884910485935 0.17694793588638305 0.18966801154613494
3.29923273657289 0.17265112627506257 0.1805424393415451
3.398976982097187 0.1748376123046875 0.1872954536676407
3.498721227621483 0.16893989260673523 0.17737115800380707
3.59846547314578 0.16586627826213837 0.17667537426948549
3.6982097186700766 0.16526594894886018 0.1758583699464798
3.7979539641943734 0.16973296589374542 0.1813725061416626
3.89769820971867 0.17128173034191133 0.17944015526771545
3.997442455242967 0.16998958843231202 0.1817472484111786
4.099744245524296 0.1685970154094696 0.18006816565990447
4.1994884910485935 0.17060856793880463 0.1824549549818039
4.29923273657289 0.19027652633666992 0.19647034919261933
4.398976982097187 0.1719596269607544 0.17994496357440948
4.498721227621483 0.1857220370388031 0.19213048100471497
4.59846547314578 0.16895328221797942 0.1805451375246048
4.698209718670077 0.16571224972248078 0.17647934567928314
4.797953964194374 0.16492473407745362 0.17529586517810822
4.89769820971867 0.1653239596939087 0.17475955975055696
4.997442455242966 0.16461570353984833 0.17444252073764802
5.099744245524296 0.17098212817192077 0.17908995580673218
5.1994884910485935 0.16956962224960326 0.18129491972923278
5.29923273657289 0.16551992995738984 0.17621564269065856
5.398976982097187 0.16922631588935852 0.18082287752628326
5.498721227621483 0.1686933903169632 0.18013781881332397
5.59846547314578 0.16747637757778167 0.17877168333530427
5.698209718670077 0.1770346192741394 0.1844025455713272
5.797953964194374 0.1831869394159317 0.19641790175437926
5.89769820971867 0.16501450623989106 0.17448912501335145
5.997442455242966 0.1759098293733597 0.18321620285511017
