0 0.9888783240699768 1.021929114341736
0.09974424552429667 0.19202571578025818 0.2086437669992447
0.19948849104859334 0.1751036500930786 0.19332896149158477
0.29923273657289 0.17163901198387146 0.1869988269805908
0.3989769820971867 0.17361628812789917 0.18951649594306946
0.49872122762148335 0.17062016691684723 0.18423873567581175
0.59846547314578 0.16932567241191865 0.18277172911167144
0.6982097186700768 0.16640908239364624 0.1780339512825012
0.7979539641943734 0.1669542921924591 0.17908361530303954
0.8976982097186701 0.16635336219310762 0.17651892137527467
0.9974424552429667 0.16583226073265075 0.17764923429489135
1.0997442455242967 0.16566763149261474 0.17722269117832185
1.1994884910485935 0.1714941834974289 0.18051618218421936
1.29923273657289 0.1658986410856247 0.17806407046318054
1.3989769820971867 0.16630000440597534 0.17838208210468293
1.4987212276214834 0.1653623969745636 0.1773570796251297
1.5984654731457801 0.16556779789447784 0.17756031727790833
1.6982097186700766 0.16772703189849852 0.18023716115951538
1.7979539641943734 0.1644095430278778 0.17527035677433014
1.89769820971867 0.16626576327323914 0.1786903851032257
1.9974424552429668 0.16451010744571687 0.17475212275981902
2.0997442455242967 0.165605170211792 0.1772908433675766
2.1994884910485935 0.16448128306388854 0.1746563252210617
2.29923273657289 0.16470976451396943 0.17467746710777282
2.398976982097187 0.17151096734523774 0.183957998752594
2.498721227621483 0.16433620726585388 0.17501450324058532
2.59846547314578 0.16998346393585206 0.18221968698501587
2.6982097186700766 0.16432341564178468 0.17483816850185394
2.7979539641943734 0.16436108058452606 0.17446144700050353
2.89769820971867 0.16441218518257142 0.17558747029304506
2.997442455242967 0.1663112725543976 0.17822966825962067
3.0997442455242967 0.16449920689105987 0.17478613078594207
3.1994884910485935 0.16596387120723724 0.17555061423778534
3.29923273657289 0.1654348482942581 0.1773225256204605
3.398976982097187 0.16429908459663392 0.17566045546531678
3.498721227621483 0.16421951855182648 0.17549908351898194
3.59846547314578 0.1648652540588379 0.17496870124340058
3.6982097186700766 0.16416967294216156 0.17460490345954896
3.7979539641943734 0.16453885738372803 0.17469356966018676
3.89769820971867 0.16602371170520783 0.17772056293487548
3.997442455242967 0.16424341975688933 0.17527945578098297
4.099744245524296 0.16455156041145325 0.17567448389530183
4.1994884910485935 0.16468717022895812 0.17465510058403017
4.29923273657289 0.16420916730880739 0.1747237277030945
4.398976982097187 0.16407368833065034 0.1746972244977951
4.498721227621483 0.1644967022228241 0.17464938139915467
4.59846547314578 0.1644037151002884 0.17483998203277587
4.698209718670077 0.16405209354400635 0.1748025071620941
4.797953964194374 0.16441214141845703 0.17465820384025574
4.89769820971867 0.16467584702968596 0.17472515392303467
4.997442455242966 0.165184193315506 0.1767848299741745
5.099744245524296 0.1652727776670456 0.17685211312770843
5.1994884910485935 0.16414965008735657 0.17512053859233856
5.29923273657289 0.1660880970954895 0.17801022636890412
5.398976982097187 0.1640597150039673 0.17489379727840423
5.498721227621483 0.16654226398944855 0.17858983194828035
5.59846547314578 0.1641602430152893 0.17524783408641814
5.698209718670077 0.16415321435928346 0.17518446922302247
5.797953964194374 0.16402468111991883 0.17453116762638093
5.89769820971867 0.16428167492866516 0.17527003049850465
5.997442455242966 0.16456154223442077 0.17580788087844848
