0 1.3334120924758912 1.3658258123397826
0.09974424552429667 0.17124508937835695 0.1841084096431732
0.19948849104859334 0.16731155560016633 0.1787719396352768
0.29923273657289 0.1662798096036911 0.17856901478767395
0.3989769820971867 0.1717247215461731 0.18251178073883056
0.49872122762148335 0.17560738063812256 0.1895403369665146
0.59846547314578 0.16574718685626982 0.1775239622592926
0.6982097186700768 0.16516835872650146 0.1753582180738449
0.7979539641943734 0.17038671003818512 0.18309022378921508
0.8976982097186701 0.16522238773345949 0.17557817614078522
0.9974424552429667 0.16465474007129668 0.17650538074970246
1.0997442455242967 0.16775299830913543 0.1786191020011902
1.1994884910485935 0.16485206935882568 0.17570369803905486
1.29923273657289 0.16501342465877533 0.1767622365951538
1.3989769820971867 0.16553004333496094 0.1776855809688568
1.4987212276214834 0.16473134661197664 0.17525205087661744
1.5984654731457801 0.17041078382492064 0.18373172223567963
1.6982097186700766 0.16496724499225615 0.17568225979804994
1.7979539641943734 0.16590432542324066 0.1756401995420456
1.89769820971867 0.16765653750419618 0.17961532950401307
1.9974424552429668 0.16442937893390655 0.17512139987945557
2.0997442455242967 0.16439624647140502 0.17550550866127015
2.1994884910485935 0.16440855605602264 0.17531168699264527
2.29923273657289 0.1658926059436798 0.17798910439014434
2.398976982097187 0.1645434770488739 0.17598328757286072
2.498721227621483 0.16521199117183685 0.17667867052555083
2.59846547314578 0.16447947335720062 0.17523960936069488
2.6982097186700766 0.16468160709381102 0.17543732893466948
2.7979539641943734 0.1647092866563797 0.17635379099845885
2.89769820971867 0.16446740272045135 0.17596768474578858
2.997442455242967 0.16727053708076478 0.17962844145298004
3.0997442455242967 0.16442002966880798 0.17579415833950043
3.1994884910485935 0.16440314977169038 0.17535952055454254
3.29923273657289 0.16557522416114806 0.17753560841083527
3.398976982097187 0.16436657034873964 0.17571658992767333
3.498721227621483 0.16444297288417817 0.17536310493946075
3.59846547314578 0.16617666091918945 0.1779837453365326
3.6982097186700766 0.16526807161331178 0.17541625654697418
3.7979539641943734 0.1644861348581314 0.17519783341884612
3.89769820971867 0.16532639035701752 0.17506882286071776
3.997442455242967 0.1649405064725876 0.1748898264169693
4.099744245524296 0.16452050170898438 0.17560964131355286
4.1994884910485935 0.16465399746894838 0.17603612339496613
4.29923273657289 0.16561788330554963 0.17711276185512542
4.398976982097187 0.16453701289653777 0.17518558502197265
4.498721227621483 0.1652083954191208 0.1769906928539276
4.59846547314578 0.16441732532501221 0.17586276471614837
4.698209718670077 0.1643341770505905 0.17514381432533263
4.797953964194374 0.16438919655799866 0.17526962602138518
4.89769820971867 0.16458530418395997 0.17498603010177613
4.997442455242966 0.16635202137470245 0.178233438372612
5.099744245524296 0.16446366759300232 0.1749891560077667
5.1994884910485935 0.1646379522895813 0.17516762006282807
5.29923273657289 0.16617917312622071 0.17799772298336028
5.398976982097187 0.16450242549419403 0.17568391823768617
5.498721227621483 0.16430176239967345 0.1754548498392105
5.59846547314578 0.16514390001296997 0.175542512178421
5.698209718670077 0.16472590522766115 0.17631202900409698
5.797953964194374 0.16427663375377655 0.1751375117301941
5.89769820971867 0.16453382202148437 0.17570275163650512
5.997442455242966 0.16460581223011017 0.17605797708034515
