0 0.5397496278190613 0.564458194732666
0.09974424552429667 0.19746965513706208 0.2120900274515152
0.19948849104859334 0.21713012363910675 0.23274748778343202
0.29923273657289 0.1958476323366165 0.21020917296409608
0.3989769820971867 0.18196748918056488 0.1952519178390503
0.49872122762148335 0.17295274205684663 0.18526595151424408
0.59846547314578 0.16922253022670747 0.18094760704040527
0.6982097186700768 0.16717101496219636 0.1784489071369171
0.7979539641943734 0.1663396239042282 0.17736653554439544
0.8976982097186701 0.16611356247901918 0.177061026096344
0.9974424552429667 0.16572992657661437 0.17652304244041442
1.0997442455242967 0.16533541203498842 0.1758972918987274
1.1994884910485935 0.16522148339271545 0.1756925868988037
1.29923273657289 0.16514392228603364 0.175529771566391
1.3989769820971867 0.16513379427909852 0.17552822613716126
1.4987212276214834 0.1651836247730255 0.17565653419494628
1.5984654731457801 0.16521094813346862 0.17571909594535828
1.6982097186700766 0.16513136244773866 0.17556355464458465
1.7979539641943734 0.16510499929428102 0.17550902366638182
1.89769820971867 0.16503644211769103 0.17529985284805297
1.9974424552429668 0.16502855058670043 0.17527062666416168
2.0997442455242967 0.1650274260187149 0.17519160652160645
2.1994884910485935 0.16511116361141204 0.17553360104560853
2.29923273657289 0.16509472438335418 0.1754956567287445
2.398976982097187 0.1650279794359207 0.1752906814813614
2.498721227621483 0.1650456319665909 0.17512902641296388
2.59846547314578 0.16502411714553833 0.1751824276447296
2.6982097186700766 0.16502248231887817 0.1752104939222336
2.7979539641943734 0.16502478726387024 0.17521814537048339
2.89769820971867 0.16503618090629577 0.1753005188703537
2.997442455242967 0.1650664039373398 0.17540208745002747
3.0997442455242967 0.16506110990047454 0.17538204145431519
3.1994884910485935 0.16503600125789641 0.1752752969264984
3.29923273657289 0.16507207122802733 0.1754078586101532
3.398976982097187 0.1651071319913864 0.17549507832527161
3.498721227621483 0.165038496799469 0.17523840475082397
3.59846547314578 0.16505825831890106 0.17534896326065064
3.6982097186700766 0.1650515794324875 0.1751668530702591
3.7979539641943734 0.16506241609573363 0.17514727985858916
3.89769820971867 0.1650907084083557 0.17511588430404662
3.997442455242967 0.1650420756149292 0.17522239780426024
4.099744245524296 0.16504968631267547 0.1752955766916275
4.1994884910485935 0.16506077590465545 0.1753409868478775
4.29923273657289 0.16505074992656707 0.17528436529636382
4.398976982097187 0.1650715039205551 0.17537229979038238
4.498721227621483 0.16507337512969972 0.17514605724811555
4.59846547314578 0.16505406466007233 0.17521142673492432
4.698209718670077 0.16505290367126466 0.17523178839683531
4.797953964194374 0.1650521094942093 0.1752450796365738
4.89769820971867 0.16508359570503234 0.1751366744041443
4.997442455242966 0.16505237318515778 0.17524246156215667
5.099744245524296 0.1650997669839859 0.17544850397109985
5.1994884910485935 0.1651363749933243 0.17553886568546295
5.29923273657289 0.16505576794147492 0.17519527328014373
5.398976982097187 0.16505808644771575 0.1751889785528183
5.498721227621483 0.16506535426139832 0.17534167671203613
5.59846547314578 0.1650587894964218 0.17530875062942505
5.698209718670077 0.16505520524024964 0.1752637609243393
5.797953964194374 0.1650559046602249 0.17526486349105835
5.89769820971867 0.16505623822689056 0.1752043365240097
5.997442455242966 0.16521360764980317 0.17510396707057954
6.099744245524296 0.16505582016468048 0.17522412419319153
6.1994884910485935 0.1650690722990036 0.1753427677154541
6.29923273657289 0.16505582980155944 0.1752458177804947
6.398976982097187 0.16506171199798583 0.17530014216899872
6.498721227621483 0.16505824355125429 0.17522588145732879
6.59846547314578 0.16506614000320435 0.17532464015483856
6.698209718670077 0.1650584089756012 0.17526536333560944
6.797953964194374 0.16507739585876466 0.175165137052536
6.89769820971867 0.1650719976091385 0.1751734651327133
6.997442455242966 0.1650600818014145 0.17526682829856874
7.099744245524296 0.1650984884929657 0.17513467395305635
7.1994884910485935 0.16508206711292267 0.17515174162387848
7.29923273657289 0.16506138021945954 0.17519734716415405
7.398976982097187 0.1650604763317108 0.175301367521286
7.498721227621483 0.16505612097740174 0.17521989727020262
7.59846547314578 0.16506061679840087 0.17530591750144958
7.698209718670077 0.16505590747833251 0.17523584020137786
7.797953964194374 0.16506401143074034 0.17531252908706665
7.89769820971867 0.16512783237457276 0.17550623846054078
7.997442455242966 0.1650659855890274 0.1752915233373642
8.099744245524297 0.16508618468761443 0.17538466584682463
8.199488491048593 0.16506510055065154 0.1752977625131607
8.29923273657289 0.16506587803840636 0.17519428169727325
8.398976982097187 0.1650864588880539 0.1751499787569046
8.498721227621484 0.16506623526096345 0.1753020601272583
8.59846547314578 0.16506260440826415 0.17524249017238616
8.698209718670077 0.1650635614347458 0.17523023092746734
8.797953964194374 0.16506335520267487 0.17521931779384614
8.89769820971867 0.1650671412420273 0.17519365906715392
8.997442455242966 0.16510785730361938 0.17545135819911956
9.099744245524297 0.1651314557313919 0.17550881814956665
9.199488491048593 0.16506767439365386 0.17530515599250793
9.29923273657289 0.16508698285579682 0.1751548663377762
9.398976982097187 0.16508609685897827 0.17515933418273927
9.498721227621484 0.165064097738266 0.17521372652053832
9.59846547314578 0.16509306560516357 0.1754134646654129
9.698209718670077 0.16514403714179993 0.17554585146903992
9.797953964194374 0.1650784048652649 0.1751593679189682
9.89769820971867 0.16508733441352844 0.17514683616161347
9.997442455242966 0.16505866549491882 0.1752238105535507
10.099744245524297 0.16506068295001983 0.17521207344532014
10.199488491048593 0.16506093073368072 0.17519918990135191
10.29923273657289 0.1650747862100601 0.17535722768306733
10.398976982097187 0.16511713312625886 0.17548311042785644
10.498721227621484 0.16507961886405945 0.17537506461143493
10.59846547314578 0.1650633402299881 0.175303093791008
10.698209718670077 0.1650622742843628 0.17519942939281463
10.797953964194374 0.16506410620689393 0.17518995487689973
10.89769820971867 0.16506190227508544 0.1751950649023056
10.997442455242966 0.16508821172714233 0.17513694727420806
11.099744245524297 0.1650539140176773 0.17523923361301422
11.199488491048593 0.1650600538110733 0.17518347072601317
11.29923273657289 0.16505574566841125 0.17521326446533203
11.398976982097187 0.165083238325119 0.1753898137807846
11.498721227621484 0.1650540533065796 0.17523425233364104
11.59846547314578 0.16510778805732726 0.1751194303035736
11.698209718670077 0.1650680448484421 0.17534200763702393
11.797953964194374 0.16506566002368928 0.17517451679706572
11.89769820971867 0.16505731902122497 0.17524039494991303
11.997442455242966 0.16508107466220856 0.1753769556283951
12.099744245524297 0.16506150984287263 0.17528235030174255
12.199488491048593 0.1650601388835907 0.1752604969739914
12.29923273657289 0.1650662023496628 0.17518422019481658
12.398976982097187 0.16505990404129028 0.17527137100696563
12.498721227621484 0.1650866112089157 0.17514073991775514
12.59846547314578 0.16506180560112 0.17518570125102997
12.698209718670077 0.16505608137130737 0.17524270617961885
12.797953964194374 0.16506400113105774 0.17531759047508239
12.89769820971867 0.16507182096004486 0.17535462391376494
12.997442455242966 0.16505687867164612 0.17528593480587007
13.099744245524297 0.1650572562074661 0.1752714811563492
13.199488491048593 0.16509745301246642 0.17543159568309785
13.29923273657289 0.16505448069572448 0.17523764300346376
13.398976982097187 0.16506902855873107 0.1751636962890625
13.498721227621484 0.16506232869148255 0.1753131912946701
13.59846547314578 0.16507663656234742 0.1751504511833191
13.698209718670077 0.16510845047473907 0.17511869931221008
13.797953964194374 0.16506191006183624 0.17531195378303527
13.89769820971867 0.16506085229873657 0.17530855464935302
13.997442455242966 0.16505671266555785 0.17527127134799958
14.099744245524297 0.16505519658088685 0.17522792756557465
14.199488491048593 0.16507438000679017 0.17536057353019716
14.29923273657289 0.16508712687969207 0.17540186500549315
14.398976982097187 0.16505670486450194 0.17523466074466706
14.498721227621484 0.1650565150165558 0.17521384978294371
14.59846547314578 0.16506674441814423 0.17516287493705748
14.698209718670077 0.16505683736801147 0.17519114279747008
14.797953964194374 0.16506807742595672 0.1751599268913269
14.89769820971867 0.16512531513690948 0.17510966455936433
14.997442455242966 0.1650599761724472 0.17529004991054534
15.099744245524297 0.16505906672477721 0.175195481300354
15.199488491048593 0.1650558755016327 0.17523622739315034
15.29923273657289 0.165065999250412 0.17516142427921294
15.398976982097187 0.1650629521560669 0.17532676708698272
15.498721227621484 0.16505592692375184 0.17518854069709777
15.59846547314578 0.16505438467025757 0.17526996862888336
15.698209718670077 0.16506305942058563 0.17532418072223663
15.797953964194374 0.16506401289463044 0.17532981586456298
15.89769820971867 0.16505697865486146 0.17528742957115173
15.997442455242966 0.16505200887680055 0.17520293426513672
16.099744245524295 0.16505330164432525 0.1752808668613434
16.199488491048594 0.1650514637374878 0.17524856674671174
16.29923273657289 0.16505960151195526 0.17517210853099824
16.398976982097185 0.1650577117538452 0.17518089056015015
16.498721227621484 0.16506083495616913 0.175174014210701
16.59846547314578 0.16508327900886535 0.17538666093349456
16.69820971867008 0.16509047565460205 0.17540883362293244
16.797953964194374 0.1650552471446991 0.17524930012226106
16.89769820971867 0.16506456300735473 0.17517028975486756
16.997442455242968 0.16505430401802063 0.1752293484210968
17.099744245524295 0.1650787614107132 0.17514240980148316
17.199488491048594 0.16505584261894227 0.17523737156391145
17.29923273657289 0.16506187504291533 0.17530315244197844
17.398976982097185 0.1650764849472046 0.1751497391462326
17.498721227621484 0.165062432141304 0.17517821514606477
17.59846547314578 0.1650981803894043 0.17543221068382264
17.69820971867008 0.16507659659862517 0.1753631135225296
17.797953964194374 0.16505687600135804 0.1752154541015625
17.89769820971867 0.1650574249124527 0.1752088930606842
17.997442455242968 0.16505736008167265 0.17526919329166413
18.099744245524295 0.1650573241043091 0.17523724508285524
18.199488491048594 0.1650586889219284 0.17527031350135802
18.29923273657289 0.16505695104122162 0.17524710309505462
18.398976982097185 0.16505642790794373 0.1752410271167755
18.498721227621484 0.16505805860996248 0.17522110521793366
18.59846547314578 0.16513043684005738 0.1751088901758194
18.69820971867008 0.1650724302959442 0.1751593542098999
18.797953964194374 0.16512428462028503 0.175495157957077
18.89769820971867 0.16510327184677123 0.1754437257051468
18.997442455242968 0.16506661503791809 0.17516349613666535
19.099744245524295 0.16505354592323304 0.17522022318840028
19.199488491048594 0.16505384046077728 0.1752218108177185
19.29923273657289 0.16507690977573394 0.17514182817935944
19.398976982097185 0.16506594452381135 0.17516278433799742
19.498721227621484 0.16505440811634065 0.17525096154212952
19.59846547314578 0.16505373118400574 0.17523955392837526
19.69820971867008 0.16505833209514617 0.17528970336914063
19.797953964194374 0.1650671580839157 0.17516257321834564
19.89769820971867 0.16505758641719817 0.17527332866191864
19.997442455242968 0.16507312698364257 0.1753505951166153
20.099744245524295 0.16508970393657685 0.17540474200248718
20.199488491048594 0.16505671847343445 0.17524707984924318
20.29923273657289 0.1650664299964905 0.17517279672622682
20.398976982097185 0.16510494326114655 0.17512074029445648
20.498721227621484 0.16507398296356202 0.1751550749540329
20.59846547314578 0.16505760201931 0.17525406014919281
20.69820971867008 0.16507273059368133 0.17534326589107513
20.797953964194374 0.1651099915266037 0.17545657920837401
20.89769820971867 0.1650726303386688 0.17534249782562256
20.997442455242968 0.1650588597345352 0.17524557256698609
21.099744245524295 0.1650606450510025 0.17526735186576844
21.199488491048594 0.16506233929157257 0.17518381595611573
21.29923273657289 0.1650685563659668 0.1751649191379547
21.398976982097185 0.16512141194343566 0.17511122238636018
21.498721227621484 0.16505901408672333 0.17525966560840606
21.59846547314578 0.16505773058891296 0.17524730360507965
21.69820971867008 0.16506304520606996 0.17518039405345917
21.797953964194374 0.16506489589214324 0.17531274104118347
21.89769820971867 0.1650801459121704 0.17537194204330445
21.997442455242968 0.16506109867572785 0.17529443192481994
22.099744245524295 0.1650793460559845 0.17537165009975433
22.199488491048594 0.165080557141304 0.17537801849842072
22.29923273657289 0.16505523267269134 0.17524420285224915
22.398976982097185 0.16505576797008514 0.17522051477432252
22.498721227621484 0.16506318481445312 0.17516885423660278
22.59846547314578 0.1650723628282547 0.17514847910404205
22.69820971867008 0.16505541333198548 0.17521661543846132
22.797953964194374 0.1650570826768875 0.17520599174499513
22.89769820971867 0.16505756740570068 0.17519604349136353
22.997442455242968 0.16505822115898133 0.17526237523555754
23.099744245524295 0.1650556620645523 0.17523619437217713
23.199488491048594 0.1650590788793564 0.1751908187866211
23.29923273657289 0.16506118609905243 0.175182892203331
23.398976982097185 0.16505760968685151 0.17521530628204346
23.498721227621484 0.16505932690143585 0.1751894665956497
23.59846547314578 0.16505885391712188 0.17526322495937346
23.69820971867008 0.1650600076675415 0.17526901364326478
23.797953964194374 0.1650667209005356 0.17531034660339356
23.89769820971867 0.1650620118713379 0.17529046893119812
23.997442455242968 0.16505739154338836 0.1752680730819702
24.099744245524295 0.1650648429632187 0.17531271517276764
24.199488491048594 0.16505664071083068 0.17526004695892333
24.29923273657289 0.16505436081409455 0.17522089743614197
24.398976982097185 0.16505673367500306 0.1752560830116272
24.498721227621484 0.16505675790786742 0.17519940495491026
24.59846547314578 0.16505994266033172 0.17528856313228608
24.69820971867008 0.16506161422729493 0.17529789698123932
24.797953964194374 0.1650546893119812 0.1752419685125351
24.89769820971867 0.16505651303768157 0.17518913567066194
24.997442455242968 0.16505474843025209 0.1751888872385025
25.099744245524295 0.16508447529792786 0.17512602365016938
25.199488491048594 0.1650572727918625 0.17517468404769898
25.29923273657289 0.165052267036438 0.1752358866930008
25.398976982097185 0.16505687714099884 0.17517804157733918
25.498721227621484 0.16506538145065308 0.175159148812294
25.59846547314578 0.16506143815517427 0.17516563749313355
25.69820971867008 0.16505599149227143 0.17519016015529632
25.797953964194374 0.1650551128387451 0.17524045050144196
25.89769820971867 0.16505546688079833 0.17525111746788025
25.997442455242968 0.1650744886636734 0.17535237228870393
26.099744245524295 0.16506612605094909 0.17532283353805542
26.199488491048594 0.16505995106220245 0.1752959635257721
26.29923273657289 0.16505482941150665 0.1752742031812668
26.398976982097185 0.16505127836704253 0.17524716198444368
26.498721227621484 0.16505475634098052 0.17527522504329682
26.59846547314578 0.1650750751543045 0.17536305737495422
26.69820971867008 0.1650594311904907 0.17530137348175048
26.797953964194374 0.16505163723945618 0.17522769832611085
26.89769820971867 0.16505531147003175 0.17526129591464995
26.997442455242968 0.1650553962659836 0.1752047494649887
27.099744245524295 0.1650578575515747 0.17518136608600615
27.199488491048594 0.16505606065750122 0.1751833246946335
27.29923273657289 0.16505820132255555 0.17517290723323822
27.398976982097185 0.1650581005859375 0.1751791241168976
27.498721227621484 0.16505944444656373 0.17517367017269134
27.59846547314578 0.16506435421466828 0.17516012585163115
27.69820971867008 0.1650560120868683 0.17520316636562347
27.797953964194374 0.16505440081596376 0.1752133746147156
27.89769820971867 0.16505706401348114 0.17526266252994538
27.997442455242968 0.165063990316391 0.17530411970615387
28.099744245524295 0.16506153148174285 0.17529589664936066
28.199488491048594 0.16506086010932922 0.17529445087909698
28.29923273657289 0.1650568157863617 0.17527466869354247
28.398976982097185 0.16505466197013854 0.17525442147254944
28.498721227621484 0.16505192509651184 0.17522213697433472
28.59846547314578 0.16505227007865905 0.17523934745788575
28.69820971867008 0.16505259522914886 0.17524773681163788
28.797953964194374 0.16505108403682708 0.17521896803379058
28.89769820971867 0.16505159443378448 0.17521658957004546
28.997442455242968 0.16505155364513396 0.17521112275123596
29.099744245524295 0.16505191436290742 0.175224942445755
29.199488491048594 0.16505378562927245 0.1752535490989685
29.29923273657289 0.16505548633098602 0.17526815569400786
29.398976982097185 0.16505860531330108 0.17528549289703368
29.498721227621484 0.165052837972641 0.17523563134670259
29.59846547314578 0.16505258914470672 0.1752064654827118
29.69820971867008 0.16505910406589508 0.17516900086402892
29.797953964194374 0.16505376163005828 0.17519771027565004
29.89769820971867 0.16505278506278992 0.17523663210868837
29.997442455242968 0.16505372577667235 0.17524473333358764
30.099744245524295 0.16505344497680663 0.17520994234085083
30.199488491048594 0.16505411829948424 0.1751981452703476
30.29923273657289 0.16505321339130402 0.17520972943305968
30.398976982097185 0.16505292065143584 0.17522579932212828
30.498721227621484 0.1650519878101349 0.17521628677845003
30.59846547314578 0.1650523033428192 0.17523554837703706
30.69820971867008 0.1650535034227371 0.17525481975078583
30.797953964194374 0.1650535208749771 0.17524897909164427
30.89769820971867 0.16505578111648558 0.17526700127124786
30.997442455242968 0.16505400242805482 0.17524696445465088
31.099744245524295 0.1650531116914749 0.1752281129360199
31.199488491048594 0.16505369721412658 0.17522466504573822
31.29923273657289 0.16505366108894348 0.1752093197107315
31.398976982097185 0.16505275369167327 0.17521775472164153
31.498721227621484 0.1650530035161972 0.1752076860666275
31.59846547314578 0.16505373809814453 0.17520501494407653
31.69820971867008 0.16505356833457946 0.17520974612236023
31.797953964194374 0.16505414628982543 0.17523875749111176
31.89769820971867 0.16505578077316285 0.17526249468326568
31.997442455242968 0.1650539568042755 0.1752503261566162
32.0997442455243 0.1650536070537567 0.17524591708183287
32.19948849104859 0.1650534198951721 0.17524549114704133
32.29923273657289 0.16505462327957154 0.17525547671318054
32.39897698209719 0.1650535586309433 0.1752421098947525
32.49872122762148 0.1650524896621704 0.17522285318374634
32.59846547314578 0.16505247651100158 0.17521058547496796
32.69820971867008 0.1650522009754181 0.17521143066883088
32.79795396419437 0.16505274019241334 0.1752022739648819
32.89769820971867 0.1650523113822937 0.17521719229221344
32.99744245524297 0.16505238203525543 0.17522635221481322
33.0997442455243 0.16505338129043579 0.1752476569414139
33.19948849104859 0.16505226612567903 0.17523704183101654
33.29923273657289 0.16505195372104645 0.17523419070243834
33.39897698209719 0.16505129697799684 0.17522962510585785
33.49872122762148 0.16505102971076965 0.17521524226665497
33.59846547314578 0.16505086155891419 0.17521326422691344
33.69820971867008 0.1650511667919159 0.17522995448112488
33.79795396419437 0.16505061389446257 0.17521398258209228
33.89769820971867 0.16505037401676179 0.17520337104797362
33.99744245524297 0.16505009127140044 0.17521568715572358
34.0997442455243 0.16505001632213592 0.17520317780971528
34.19948849104859 0.16504951645851135 0.17521229493618012
34.29923273657289 0.16504947501182557 0.17521892642974854
34.39897698209719 0.1650492859554291 0.17521177995204926
34.49872122762148 0.16504909732818604 0.17521505904197693
34.59846547314578 0.16504911677360534 0.1752238107919693
34.69820971867008 0.16504946026325226 0.1752330982685089
34.79795396419437 0.16504937037944795 0.17522654962539672
34.89769820971867 0.16504896373271943 0.17521651017665862
34.99744245524297 0.1650492930650711 0.17521588051319123
35.0997442455243 0.1650498630475998 0.1752270609140396
35.19948849104859 0.16504951080322267 0.17522550892829894
35.29923273657289 0.16504957045078278 0.17522870910167693
35.39897698209719 0.1650493968820572 0.17522750091552736
35.49872122762148 0.16504886140346528 0.1752209266424179
35.59846547314578 0.16504851139068605 0.17522052729129792
35.69820971867008 0.16504840134620666 0.17522163343429564
35.79795396419437 0.1650480903196335 0.17521459710597992
35.89769820971867 0.1650482969236374 0.17521640467643737
35.99744245524297 0.16504846782207488 0.17521001958847046
36.0997442455243 0.16504833905220032 0.17520860457420348
36.19948849104859 0.16504840237617494 0.17520747411251067
36.29923273657289 0.1650489094543457 0.17519962775707246
36.39897698209719 0.16504886776924133 0.17520357704162598
36.49872122762148 0.16504893229961395 0.17521501195430755
36.59846547314578 0.16504930069446563 0.17522589910030364
36.69820971867008 0.1650494091796875 0.1752259899377823
36.79795396419437 0.16504920738220216 0.1752228363752365
36.89769820971867 0.16504932970523833 0.17522414672374725
36.99744245524297 0.1650490269613266 0.17522295022010803
37.0997442455243 0.16504853772163391 0.1752112296819687
37.19948849104859 0.16504852842807768 0.17521090400218964
37.29923273657289 0.16504855069160462 0.1752162494659424
37.39897698209719 0.1650487354660034 0.1752200893163681
37.49872122762148 0.16504948256015778 0.17522983717918397
37.59846547314578 0.1650494292783737 0.17522857189178467
37.69820971867008 0.1650495036315918 0.17523131477832793
37.79795396419437 0.16505007703304292 0.17523784875869752
37.89769820971867 0.16504979422569274 0.17523320305347442
37.99744245524297 0.16504917539596559 0.1752220469713211
38.0997442455243 0.16504912017345427 0.17521925175189973
38.19948849104859 0.16504934708118438 0.17522151803970337
38.29923273657289 0.16504926755905153 0.17522020041942596
38.39897698209719 0.16504966620445252 0.17522801172733307
38.49872122762148 0.1650495778274536 0.17522486901283263
38.59846547314578 0.16504919697761536 0.17521851134300231
38.69820971867008 0.16504904500484466 0.17521560311317444
38.79795396419437 0.16504905059814454 0.1752177469730377
38.89769820971867 0.16504894240379334 0.1752171458005905
38.99744245524297 0.16504914580345154 0.1752228707075119
39.0997442455243 0.16504926207065582 0.17522337520122527
39.19948849104859 0.16504918174266814 0.17521842813491822
39.29923273657289 0.16504915561199188 0.1752211848497391
39.39897698209719 0.16504906697273256 0.17522111654281616
39.49872122762148 0.16504933740139008 0.17522364926338196
39.59846547314578 0.16504946945667268 0.17522720634937286
39.69820971867008 0.16504927872657776 0.17522584187984466
39.79795396419437 0.16504949614524841 0.17522732412815095
39.89769820971867 0.16504979423999785 0.17523111307621003
39.99744245524297 0.16504913050174713 0.17522512841224672
40.0997442455243 0.1650486258172989 0.17521820080280304
40.19948849104859 0.1650485276889801 0.1752160918712616
40.29923273657289 0.16504869362831115 0.1752183345556259
40.39897698209719 0.16504890436649322 0.17522091817855834
40.49872122762148 0.16504906497001648 0.17522223687171937
40.59846547314578 0.16504893287658692 0.17522272908687592
40.69820971867008 0.16504872052192687 0.17521863043308258
40.79795396419437 0.16504879544734954 0.17521994698047638
40.89769820971867 0.1650487900018692 0.17522043442726135
40.99744245524297 0.16504885545253753 0.1752222456932068
41.0997442455243 0.16504867551326752 0.175220867395401
41.19948849104859 0.16504869938373565 0.17522024619579316
41.29923273657289 0.16504877803325654 0.17522160017490387
41.39897698209719 0.1650490372133255 0.17522592091560363
41.49872122762148 0.16504911742210387 0.17522781431674958
41.59846547314578 0.16504881892204284 0.17522330784797668
41.69820971867008 0.16504885147571563 0.17522302758693695
41.79795396419437 0.16504897242546082 0.1752235029935837
41.89769820971867 0.1650489180135727 0.1752222377061844
41.99744245524297 0.16504901434898375 0.1752236363887787
42.0997442455243 0.16504889179229737 0.1752227840423584
42.19948849104859 0.16504889351844787 0.17522241437435152
42.29923273657289 0.16504877534389495 0.17522199022769927
42.39897698209719 0.16504876710414887 0.17522160601615905
42.49872122762148 0.16504878251552582 0.1752210077047348
42.59846547314578 0.16504889766693115 0.17522324895858765
42.69820971867008 0.16504906982898712 0.17522586095333098
42.79795396419437 0.165048665971756 0.17522105646133423
42.89769820971867 0.16504874583244325 0.17522265398502349
42.99744245524297 0.16504868020534516 0.17522237920761108
43.0997442455243 0.1650487022447586 0.17522216510772706
43.19948849104859 0.16504878964424133 0.17522332680225372
43.29923273657289 0.16504883080005645 0.17522452449798584
43.39897698209719 0.1650489274263382 0.1752249035835266
43.49872122762148 0.16504869108676912 0.17522179472446442
43.59846547314578 0.1650485586166382 0.1752195749282837
43.69820971867008 0.1650484519290924 0.17521848559379577
43.79795396419437 0.16504845477581023 0.17521963167190552
43.89769820971867 0.16504854105472563 0.17522101509571075
43.99744245524297 0.16504858866691588 0.1752220139503479
44.0997442455243 0.1650485454750061 0.17522213101387024
44.19948849104859 0.16504847853183746 0.17522133135795592
44.29923273657289 0.16504845462799073 0.17522036266326904
44.39897698209719 0.16504843655586243 0.17522022199630738
44.49872122762148 0.16504836333274842 0.17521955537796022
44.59846547314578 0.16504831614494322 0.17521879279613495
44.69820971867008 0.16504832072257997 0.17521904397010804
44.79795396419437 0.16504842041492462 0.17522097480297089
44.89769820971867 0.1650484089899063 0.17522101843357085
44.99744245524297 0.16504840651512145 0.17522108495235444
45.0997442455243 0.16504850818634034 0.17522274243831634
45.19948849104859 0.1650484953403473 0.17522253525257112
45.29923273657289 0.1650484382390976 0.175221284866333
45.39897698209719 0.1650484607076645 0.17522179520130157
45.49872122762148 0.1650484971380234 0.17522219502925873
45.59846547314578 0.16504849166870117 0.17522201001644133
45.69820971867008 0.16504851132869722 0.17522246110439302
45.79795396419437 0.16504850108623503 0.17522226846218109
45.89769820971867 0.16504848846912384 0.17522157347202302
45.99744245524297 0.16504845325469972 0.1752219420671463
46.0997442455243 0.16504837050914764 0.175220543384552
46.19948849104859 0.16504831707000733 0.1752199145555496
46.29923273657289 0.16504827555656434 0.17521975064277648
46.39897698209719 0.1650482825946808 0.1752201497554779
46.49872122762148 0.16504829966545104 0.17522063791751863
46.59846547314578 0.16504827013492585 0.17522037148475647
46.69820971867008 0.1650483028078079 0.1752208080291748
46.79795396419437 0.16504827695846558 0.17522034931182862
46.89769820971867 0.16504826139450074 0.17522057068347932
46.99744245524297 0.16504828860282897 0.17522119188308716
47.0997442455243 0.1650482892036438 0.17522085165977477
47.19948849104859 0.16504832645893097 0.1752213772535324
47.29923273657289 0.16504829391002654 0.17522127330303192
47.39897698209719 0.16504835514068603 0.17522223544120788
47.49872122762148 0.1650484187221527 0.17522326374053956
47.59846547314578 0.16504834462165832 0.17522224235534667
47.69820971867008 0.16504838500976562 0.17522229468822478
47.79795396419437 0.16504828106403352 0.1752206597328186
47.89769820971867 0.16504828186035156 0.17522050416469573
47.99744245524297 0.16504832012176512 0.17522122168540955
48.0997442455243 0.1650483547639847 0.17522191739082335
48.19948849104859 0.16504830156803132 0.175221214056015
48.29923273657289 0.1650483513212204 0.1752219911813736
48.39897698209719 0.16504835730075837 0.17522241938114166
48.49872122762148 0.16504833725452422 0.1752223230600357
48.59846547314578 0.16504827420711518 0.1752216935157776
48.69820971867008 0.1650482726764679 0.17522166442871093
48.79795396419437 0.1650482571411133 0.17522145652770996
48.89769820971867 0.1650482658624649 0.1752216120958328
48.99744245524297 0.16504822377681733 0.17522109413146972
49.0997442455243 0.16504822757244111 0.1752212347984314
49.19948849104859 0.16504827044963838 0.1752219225168228
49.29923273657289 0.16504825838565826 0.1752218189239502
49.39897698209719 0.1650482678413391 0.17522207808494566
49.49872122762148 0.16504830075740815 0.1752227658033371
49.59846547314578 0.16504832386493684 0.17522290647029876
49.69820971867008 0.16504829715251923 0.17522247755527495
49.79795396419437 0.16504826110363008 0.17522216606140137
49.89769820971867 0.16504822897434235 0.1752215597629547
49.99744245524297 0.16504821338176728 0.17522133004665374
50.0997442455243 0.16504819645404817 0.1752210123538971
50.19948849104859 0.16504818507194519 0.17522074556350709
50.29923273657289 0.16504820013523103 0.17522081971168518
50.39897698209719 0.16504816766262054 0.1752203017473221
50.49872122762148 0.16504816942691802 0.17522021305561067
50.59846547314578 0.16504817130088806 0.17522044241428375
50.69820971867008 0.16504816038131714 0.17522050130367278
50.79795396419437 0.16504818385601044 0.1752209745645523
50.89769820971867 0.1650481883096695 0.17522115230560303
50.99744245524297 0.16504816623687743 0.17522107779979706
51.0997442455243 0.16504814448833466 0.17522108435630798
51.19948849104859 0.1650481712436676 0.17522145438194275
51.29923273657289 0.16504819019794464 0.1752216840982437
51.39897698209719 0.16504818984031677 0.17522167682647705
51.49872122762148 0.16504818065166474 0.1752214252948761
51.59846547314578 0.1650481820821762 0.17522147727012635
51.69820971867008 0.16504816287517549 0.1752212620973587
51.79795396419437 0.16504815537929535 0.17522111415863037
51.89769820971867 0.165048118724823 0.17522081029415132
51.99744245524297 0.1650481228351593 0.1752210545539856
52.0997442455243 0.16504812238693237 0.17522106182575226
52.19948849104859 0.16504813472747804 0.17522129118442537
52.29923273657289 0.16504813796043397 0.1752214391231537
52.39897698209719 0.16504812285900117 0.17522142386436462
52.49872122762148 0.1650481186723709 0.175221320271492
52.59846547314578 0.16504810807228087 0.17522117960453035
52.69820971867008 0.1650480715894699 0.17522070598602296
52.79795396419437 0.16504805579185486 0.17522048425674439
52.89769820971867 0.16504805994510652 0.17522069108486177
52.99744245524297 0.16504806982040404 0.17522071325778962
53.0997442455243 0.16504806624889373 0.17522063946723937
53.19948849104859 0.16504805588245391 0.1752206540107727
53.29923273657289 0.16504806505203248 0.17522074270248414
53.39897698209719 0.1650480592060089 0.17522073471546173
53.49872122762148 0.16504804943084717 0.1752206540107727
53.59846547314578 0.1650480279970169 0.1752204613685608
53.69820971867008 0.16504801255702972 0.17522026145458222
53.79795396419437 0.16504801792144774 0.17522037994861603
53.89769820971867 0.16504800488948823 0.17522026872634888
53.99744245524297 0.16504800934314728 0.17522046828269958
54.0997442455243 0.16504800802707673 0.17522047519683837
54.19948849104859 0.16504801201820374 0.17522063112258912
54.29923273657289 0.16504800036907197 0.17522057914733888
54.39897698209719 0.1650480025100708 0.1752205936908722
54.49872122762148 0.1650480115890503 0.17522074890136718
54.59846547314578 0.16504800201892852 0.17522067439556122
54.69820971867008 0.16504800201416014 0.17522065258026123
54.79795396419437 0.16504798994064332 0.17522047483921052
54.89769820971867 0.16504798968791962 0.17522048246860505
54.99744245524297 0.1650479880094528 0.17522046756744386
55.0997442455243 0.16504798552036284 0.17522048974037172
55.19948849104859 0.1650479920578003 0.17522063732147217
55.29923273657289 0.16504799013137816 0.17522066712379455
55.39897698209719 0.16504797642707825 0.17522049701213838
55.49872122762148 0.16504795939922332 0.17522021567821502
55.59846547314578 0.1650479627609253 0.17522026801109314
55.69820971867008 0.1650479704141617 0.17522040832042693
55.79795396419437 0.16504797541618346 0.1752205115556717
55.89769820971867 0.16504796996593477 0.17522043013572694
55.99744245524297 0.16504797639369964 0.17522057843208313
56.0997442455243 0.16504797638893126 0.17522051882743836
56.19948849104859 0.16504797964572906 0.17522053408622743
56.29923273657289 0.16504797756671905 0.17522056317329407
56.39897698209719 0.16504797471046448 0.17522050428390504
56.49872122762148 0.16504796595573426 0.17522043013572694
56.59846547314578 0.1650479623889923 0.1752203857898712
56.69820971867008 0.16504796189308166 0.17522045195102692
56.79795396419437 0.1650479704093933 0.17522059297561646
56.89769820971867 0.16504796256542206 0.17522051119804383
56.99744245524297 0.16504797208309174 0.1752205777168274
57.0997442455243 0.16504797748088837 0.17522060751914978
57.19948849104859 0.16504797009944916 0.17522052609920502
57.29923273657289 0.16504797300815582 0.17522058534622192
57.39897698209719 0.16504796583652495 0.17522056317329407
57.49872122762148 0.16504796664714813 0.17522054100036621
57.59846547314578 0.1650479719924927 0.17522061479091644
57.69820971867008 0.165047970161438 0.17522059297561646
57.79795396419437 0.16504796680927278 0.17522061479091644
57.89769820971867 0.16504796525001525 0.17522067368030547
57.99744245524297 0.16504796168327332 0.1752206369638443
58.0997442455243 0.1650479595899582 0.1752205777168274
58.19948849104859 0.16504795974254607 0.1752205777168274
58.29923273657289 0.16504795347690582 0.1752205035686493
58.39897698209719 0.16504795195102692 0.17522049629688263
58.49872122762148 0.16504794661045075 0.17522045922279358
58.59846547314578 0.1650479461526871 0.17522046649456025
58.69820971867008 0.16504794757843017 0.17522047412395478
58.79795396419437 0.16504794422626495 0.1752204737663269
58.89769820971867 0.16504794632434844 0.1752205628156662
58.99744245524297 0.16504794016838073 0.17522053265571594
59.0997442455243 0.1650479384946823 0.175220547914505
59.19948849104859 0.1650479393148422 0.1752205922603607
59.29923273657289 0.16504794038295745 0.1752205842733383
59.39897698209719 0.1650479391145706 0.17522059190273284
59.49872122762148 0.16504793962478637 0.17522060680389404
59.59846547314578 0.16504793712615967 0.17522055518627166
59.69820971867008 0.16504793713092805 0.17522056245803833
59.79795396419437 0.16504793820381164 0.1752205991744995
59.89769820971867 0.1650479304599762 0.17522050285339355
59.99744245524297 0.16504793148517607 0.17522054028511047
