0 1.097934235572815 1.1308174905776978
0.09974424552429667 0.17600094905853272 0.18240053272247314
0.19948849104859334 0.18373745331287383 0.19159349179267884
0.29923273657289 0.17233512942314147 0.18638219463825226
0.3989769820971867 0.16739287889480592 0.17760050272941588
0.49872122762148335 0.17103780779361724 0.18257901418209077
0.59846547314578 0.16759261753082275 0.17800943183898926
0.6982097186700768 0.16786801471710205 0.17771245455741883
0.7979539641943734 0.1727748113822937 0.1815002213716507
0.8976982097186701 0.1691234221982956 0.17997004282474519
0.9974424552429667 0.18100448120594026 0.19467671704292297
1.0997442455242967 0.17079775074481965 0.1828277587890625
1.1994884910485935 0.16822402370929718 0.17783245944976805
1.29923273657289 0.16619159220695495 0.17636966001987459
1.3989769820971867 0.18227724589824676 0.18977888679504396
1.4987212276214834 0.19779412967681884 0.21768924188613892
1.5984654731457801 0.19385034836769105 0.20869410943984984
1.6982097186700766 0.1689553206062317 0.1798790054321289
1.7979539641943734 0.17724363467216492 0.1850600504875183
1.89769820971867 0.18690055354595184 0.19258648347854615
1.9974424552429668 0.16997667270183564 0.18319472062587738
2.0997442455242967 0.16846710532665252 0.18062684106826782
2.1994884910485935 0.1659924473428726 0.1752839866876602
2.29923273657289 0.17641529252529145 0.18924969828128815
2.398976982097187 0.16711678769111632 0.17784935259819032
2.498721227621483 0.16662405224323273 0.17559723091125487
2.59846547314578 0.16710560344696046 0.17700245010852814
2.6982097186700766 0.17185503418922424 0.18385455131530762
2.7979539641943734 0.17342911008358003 0.186200541973114
2.89769820971867 0.16729622930049895 0.17651620066165924
2.997442455242967 0.16612925411224366 0.17611343896389006
3.0997442455242967 0.1681605639219284 0.1773506543636322
3.1994884910485935 0.16784326599121094 0.17962007212638856
3.29923273657289 0.16983194934368134 0.17995985460281372
3.398976982097187 0.17367331598758698 0.18566415739059447
3.498721227621483 0.16867879218578338 0.18072245979309082
3.59846547314578 0.16687972288608552 0.17811136293411256
3.6982097186700766 0.1665606212568283 0.1786392501592636
3.7979539641943734 0.16715483851909638 0.17639954912662506
3.89769820971867 0.16695082531929017 0.17601911449432373
3.997442455242967 0.17137252804756165 0.1808783220052719
4.099744245524296 0.16861805598258972 0.17884434843063354
4.1994884910485935 0.16857893246650696 0.17938825714588166
4.29923273657289 0.17562005811214448 0.1895195368528366
4.398976982097187 0.17656462565422057 0.18443025398254395
4.498721227621483 0.1653181818675995 0.1765626063346863
4.59846547314578 0.16736443370819093 0.17575371289253236
4.698209718670077 0.1747133346414566 0.18717083311080931
4.797953964194374 0.16610581386566162 0.17751740777492522
4.89769820971867 0.174686682138443 0.1825688635110855
4.997442455242966 0.1688951005077362 0.178249253988266
5.099744245524296 0.1675146795129776 0.1769438099861145
5.1994884910485935 0.1664822042798996 0.17816454207897187
5.29923273657289 0.1660140656709671 0.1771035578250885
5.398976982097187 0.16928892212867735 0.1771356716156006
5.498721227621483 0.17362634234905244 0.18549968206882478
5.59846547314578 0.1841969811820984 0.18998480212688446
5.698209718670077 0.1679898553609848 0.1767316710948944
5.797953964194374 0.16635208301067353 0.17596986424922942
5.89769820971867 0.16726117164611817 0.17881800603866577
5.997442455242966 0.16812526707172393 0.17825993835926057
