0 86.31357493408203 86.92290417480469
0.09974424552429667 0.3212020954990387 0.344469300031662
0.19948849104859334 0.16634868640899658 0.17773096644878386
0.29923273657289 0.1765013478374481 0.18932409179210663
0.3989769820971867 0.16523213178157806 0.17590337610244752
0.49872122762148335 0.16475957461833954 0.1755605170726776
0.59846547314578 0.16532249406337737 0.17647869753837586
0.6982097186700768 0.17010959133148193 0.18169641971588135
0.7979539641943734 0.16520611248970032 0.1750735226869583
0.8976982097186701 0.16403644873142242 0.17522048020362854
0.9974424552429667 0.16510349976062774 0.17611112999916076
1.0997442455242967 0.1597514510011673 0.17064616429805757
1.1994884910485935 0.1592654146337509 0.1705196385383606
1.29923273657289 0.16034699384212495 0.17156787049770356
1.3989769820971867 0.15664665379047393 0.1672388892173767
1.4987212276214834 0.15519366374969482 0.165623641371727
1.5984654731457801 0.15450043570518493 0.16470774638652802
1.6982097186700766 0.15372359355926513 0.1635366473197937
1.7979539641943734 0.15406206828594207 0.16419319093227386
1.89769820971867 0.1498265838909149 0.15950490045547486
1.9974424552429668 0.14987192373275757 0.1599338549375534
2.0997442455242967 0.14913948484420778 0.15972883343696595
2.1994884910485935 0.14824317564487458 0.1577985976934433
2.29923273657289 0.1495539123058319 0.16016546046733857
2.398976982097187 0.14761904131889345 0.15830783653259278
2.498721227621483 0.1460542473077774 0.15569181859493256
2.59846547314578 0.14445968255519867 0.15376682686805726
2.6982097186700766 0.14176381836891175 0.1519216454029083
2.7979539641943734 0.15256771728992463 0.16375564348697663
2.89769820971867 0.14006402925491332 0.14901277267932891
2.997442455242967 0.1385092572116852 0.14777462029457092
3.0997442455242967 0.13935982081890105 0.14932946693897248
3.1994884910485935 0.13464466771125794 0.14373991513252257
3.29923273657289 0.13666520581245423 0.14639489448070525
3.398976982097187 0.1323100240135193 0.14097829115390778
3.498721227621483 0.13294762431144713 0.1431461900472641
3.59846547314578 0.1288289395904541 0.13769322168827056
3.6982097186700766 0.13964881538391113 0.15010430335998534
3.7979539641943734 0.12723626111984254 0.1356042891740799
3.89769820971867 0.12650276759147644 0.13516743564605713
3.997442455242967 0.12548582466125488 0.1345208306312561
4.099744245524296 0.1278196224975586 0.1373505929708481
4.1994884910485935 0.12533686401367186 0.1348417159318924
4.29923273657289 0.1210094214296341 0.12935020911693573
4.398976982097187 0.12180352674007416 0.13082955968379975
4.498721227621483 0.11732505103111267 0.12533518040180205
4.59846547314578 0.11981163453817367 0.12886608076095582
4.698209718670077 0.11561350701570511 0.12411137318611146
4.797953964194374 0.11391419722557068 0.12196693468093872
4.89769820971867 0.11397457671642304 0.12168698251247406
4.997442455242966 0.11158039209365844 0.11958288341760635
5.099744245524296 0.11067132788181305 0.11810592889785766
5.1994884910485935 0.10860584207773209 0.11723065018653869
5.29923273657289 0.1092813471364975 0.11690572732686996
5.398976982097187 0.10708844319820404 0.11440154027938843
5.498721227621483 0.1102768059372902 0.11914569675922394
5.59846547314578 0.1075687107014656 0.11544123405218125
5.698209718670077 0.10628086876392365 0.11416183620691299
5.797953964194374 0.10826879028081894 0.11699539566040039
5.89769820971867 0.10279608659744263 0.11023219233751297
5.997442455242966 0.10636944624662399 0.11517942988872529
