0 0.5785721708488465 0.6043334741592408
0.09974424552429667 0.17769587099075318 0.18624394714832307
0.19948849104859334 0.16340959444522857 0.1747579823732376
0.29923273657289 0.164108674659729 0.1756906465291977
0.3989769820971867 0.15911952706813812 0.16980221974849702
0.49872122762148335 0.16122254354000093 0.17251004266738892
0.59846547314578 0.15665223527431488 0.1665285325050354
0.6982097186700768 0.15478444766521454 0.16497073578834534
0.7979539641943734 0.151343548579216 0.16129811024665833
0.8976982097186701 0.14987557658195497 0.16003679859638215
0.9974424552429667 0.1472373715496063 0.15745060801506042
1.0997442455242967 0.1456845946598053 0.15667533552646637
1.1994884910485935 0.1408266980457306 0.1500454828739166
1.29923273657289 0.14220219519138336 0.15118997251987457
1.3989769820971867 0.13731011053085326 0.14654841434955596
1.4987212276214834 0.13539976746559143 0.1441620681285858
1.5984654731457801 0.13365438610553743 0.14284866619110106
1.6982097186700766 0.1250086045074463 0.13365058743953706
1.7979539641943734 0.11636440925598145 0.12446652662754058
1.89769820971867 0.10320056869268418 0.11047575485706329
1.9974424552429668 0.09048740225315094 0.09711154812574387
2.0997442455242967 0.08009193772554397 0.08615486592054367
2.1994884910485935 0.07605860555410385 0.08186118495464324
2.29923273657289 0.08009484818696976 0.08617785280942916
2.398976982097187 0.06365758048534394 0.06841560298204422
2.498721227621483 0.059112310713529584 0.06348811602592468
2.59846547314578 0.06067725059986114 0.06541176509857177
2.6982097186700766 0.05319075772166252 0.05749349984526634
2.7979539641943734 0.04519728556752205 0.04868453919887543
2.89769820971867 0.04743351994276047 0.05150107473134995
2.997442455242967 0.04943195399284363 0.05324395397305488
3.0997442455242967 0.041770331953763964 0.045127383708953854
3.1994884910485935 0.04652189282536506 0.05045009145140648
3.29923273657289 0.044383127858638766 0.04832934191823006
3.398976982097187 0.039723679189682004 0.0431729239821434
3.498721227621483 0.04079513053417206 0.044241097509860994
3.59846547314578 0.0328191583943367 0.035544750452041626
3.6982097186700766 0.033197434947490695 0.036061012774705886
3.7979539641943734 0.037652867134809496 0.0407048830986023
3.89769820971867 0.03248393188476562 0.03532028585672378
3.997442455242967 0.03531838627934456 0.038478406608104705
4.099744245524296 0.032496251953840254 0.035712988317012785
4.1994884910485935 0.028989345299601555 0.03165811514854431
4.29923273657289 0.027091726204752923 0.02950284729897976
4.398976982097187 0.02743706790447235 0.030071826577186586
4.498721227621483 0.03234625791788101 0.03535972249507904
4.59846547314578 0.02347676375746727 0.025524488672614098
4.698209718670077 0.03234694807291031 0.034958197981119155
4.797953964194374 0.023671515663266182 0.02577401879429817
4.89769820971867 0.026544686273932458 0.028634448572993278
4.997442455242966 0.02012628357052803 0.021931330516934393
5.099744245524296 0.021034193171858787 0.023112396374344826
5.1994884910485935 0.019766072347164154 0.02161766205728054
5.29923273657289 0.02395823299407959 0.026127041190862656
5.398976982097187 0.02157260787308216 0.023579058811068535
5.498721227621483 0.02101186452269554 0.022990873724222184
5.59846547314578 0.020530146355032922 0.022589692980051042
5.698209718670077 0.02022773358643055 0.022200109243392944
5.797953964194374 0.020608151430487633 0.02234739927947521
5.89769820971867 0.016527777962088586 0.018071056351065637
5.997442455242966 0.01742700028181076 0.01910102578997612
