0 1.3825933450698853 1.4188498392105102
0.09974424552429667 2.0148684244155883 2.333793165206909
0.19948849104859334 0.20027201838970185 0.21188454949855803
0.29923273657289 0.16848593309879303 0.17807330405712127
0.3989769820971867 0.16791566493034363 0.17867244958877562
0.49872122762148335 0.18791125706672668 0.19168707966804505
0.59846547314578 0.19136882151603699 0.20623779451847077
0.6982097186700768 0.17229003451824187 0.18041284501552582
0.7979539641943734 0.1800701912355423 0.1856319224834442
0.8976982097186701 0.17033975615501404 0.1825609985589981
0.9974424552429667 0.16668718099594115 0.17668999314308168
1.0997442455242967 0.18471771090984346 0.20118785560131072
1.1994884910485935 0.1669456837797165 0.1758624850511551
1.29923273657289 0.16788815905094145 0.1806433893442154
1.3989769820971867 0.17665672770500182 0.19047864723205565
1.4987212276214834 0.18948312756061553 0.19454817032814026
1.5984654731457801 0.19196477175712587 0.20338591420650481
1.6982097186700766 0.2556195140838623 0.25611709332466126
1.7979539641943734 0.21351142122745514 0.21600319242477417
1.89769820971867 0.1756814074420929 0.18204536926746367
1.9974424552429668 0.16782308186531067 0.17550456953048707
2.0997442455242967 0.18963590193271637 0.20623825097084045
2.1994884910485935 0.16796954540729522 0.17546644520759583
2.29923273657289 0.16585344789505005 0.17515930783748626
2.398976982097187 0.16812594386100768 0.17597650027275086
2.498721227621483 0.17324549178600313 0.18209583413600922
2.59846547314578 0.26581984930992125 0.26654270887374876
2.6982097186700766 0.18786063113212587 0.1924384455680847
2.7979539641943734 0.1821481878519058 0.19729937493801117
2.89769820971867 0.1720694872236252 0.17894302618503571
2.997442455242967 0.18602855039596558 0.20063449335098266
3.0997442455242967 0.16921895929813385 0.1817161102294922
3.1994884910485935 0.16547876353740693 0.17665927445888518
3.29923273657289 0.17817320237636566 0.1836600284576416
3.398976982097187 0.17999007810592652 0.18574391186237335
3.498721227621483 0.16733933724403383 0.1759429429769516
3.59846547314578 0.17247362055301665 0.1803507114648819
3.6982097186700766 0.1668357754135132 0.17933316397666932
3.7979539641943734 0.17870505096435546 0.1932332297563553
3.89769820971867 0.17407904235839844 0.18229114305973054
3.997442455242967 0.171826173081398 0.18495752263069154
4.099744245524296 0.18759101337432862 0.202557772397995
4.1994884910485935 0.16672572650909423 0.17588815295696258
4.29923273657289 0.17595284351348878 0.18324736630916597
4.398976982097187 0.17062455279827118 0.18278110456466676
4.498721227621483 0.1667230967235565 0.17581280326843263
4.59846547314578 0.19637108229160308 0.21501092886924744
4.698209718670077 0.19240408710956575 0.20758529448509216
4.797953964194374 0.16641862205028535 0.1754524884223938
4.89769820971867 0.16639857439994812 0.1767761198282242
4.997442455242966 0.17066998197078706 0.18233834087848663
5.099744245524296 0.18050330706119538 0.1868896336555481
5.1994884910485935 0.1656656436395645 0.17703500854969026
5.29923273657289 0.16869021631717682 0.18032319712638856
5.398976982097187 0.16634661427497863 0.1781017633676529
5.498721227621483 0.16552033915042877 0.1762737867832184
5.59846547314578 0.16592767207145692 0.17658369541168212
5.698209718670077 0.18259092907428742 0.1980435458421707
5.797953964194374 0.1792085226392746 0.1852170761823654
5.89769820971867 0.16883481023311614 0.17590068757534028
5.997442455242966 0.16557874558925628 0.17620669639110564
