0 8.262149195861817 8.263877403259277
0.09974424552429667 0.17735287180900575 0.18596873569488526
0.19948849104859334 0.16992877252578736 0.18006668961048125
0.29923273657289 0.17723944811820985 0.18812995970249177
0.3989769820971867 0.16918953899383546 0.18020443391799926
0.49872122762148335 0.1707722510242462 0.18218302881717682
0.59846547314578 0.1629332509994507 0.17276784324645997
0.6982097186700768 0.16389986125469208 0.17547896850109101
0.7979539641943734 0.16002341372966766 0.17075067925453186
0.8976982097186701 0.16011863614559174 0.17082017183303833
0.9974424552429667 0.166714387922287 0.17807946729660035
1.0997442455242967 0.16750224213123321 0.17982305479049682
1.1994884910485935 0.1657749031829834 0.17717697846889496
1.29923273657289 0.1589569118309021 0.16954642975330353
1.3989769820971867 0.15769632553577423 0.16812827134132385
1.4987212276214834 0.17328438366889953 0.1857657004594803
1.5984654731457801 0.1572954812526703 0.1682720342874527
1.6982097186700766 0.15586966604232788 0.16646434724330902
1.7979539641943734 0.15527864058494567 0.1660247515439987
1.89769820971867 0.15650485737800598 0.16717011201381685
1.9974424552429668 0.157286687207222 0.16557029235363008
2.0997442455242967 0.1513884410572052 0.16007097387313843
2.1994884910485935 0.1491983070230484 0.15924800074100495
2.29923273657289 0.1511635411453247 0.162037047624588
2.398976982097187 0.15596496842861177 0.16765548849105835
2.498721227621483 0.1465745119905472 0.15583937335014345
2.59846547314578 0.14387076892852782 0.15294437491893767
2.6982097186700766 0.14362166925430297 0.15353006625175475
2.7979539641943734 0.1425981204319 0.15273026168346404
2.89769820971867 0.13994099718093872 0.1494620633125305
2.997442455242967 0.14299319626808166 0.1530950436592102
3.0997442455242967 0.13802880122184755 0.14714205718040466
3.1994884910485935 0.13744807734966277 0.14711904191970826
3.29923273657289 0.1373261375808716 0.14683050847053528
3.398976982097187 0.13636847516536713 0.14572471845149995
3.498721227621483 0.13221270391464232 0.1413316048383713
3.59846547314578 0.1323803495311737 0.14164547145366668
3.6982097186700766 0.12952036595344543 0.13746115696430206
3.7979539641943734 0.1291345018529892 0.13724105215072632
3.89769820971867 0.12818040253162383 0.13640502119064332
3.997442455242967 0.12675346709251403 0.13562086975574494
4.099744245524296 0.12469363393306732 0.13207249701023102
4.1994884910485935 0.12584807146549226 0.1351703041791916
4.29923273657289 0.12718849368572235 0.1366377716064453
4.398976982097187 0.12210622639656067 0.13126363909244537
4.498721227621483 0.12190848191261291 0.1293507878780365
4.59846547314578 0.11953405239105225 0.12678492963314056
4.698209718670077 0.11862544547557831 0.125815421462059
4.797953964194374 0.11696379953145981 0.1243478091955185
4.89769820971867 0.11525351209640503 0.12344330167770386
4.997442455242966 0.11475831642866134 0.12250140976905823
5.099744245524296 0.11308877161264419 0.12090494656562806
5.1994884910485935 0.11232070939540863 0.12056012135744094
5.29923273657289 0.10933890772342682 0.11658791637420654
5.398976982097187 0.10883298524618149 0.11588622438907624
5.498721227621483 0.1086952594590187 0.11597819620370865
5.59846547314578 0.10756102638244629 0.11500254064798356
5.698209718670077 0.10918682015180588 0.11677765494585038
5.797953964194374 0.10572270109415054 0.11310504567623138
5.89769820971867 0.10705379944324493 0.11274878042936325
5.997442455242966 0.10942788061141968 0.11736759465932846
